﻿E-mail Hours Per Week,Frequency,Cum Frequency,Percent,Cum Percent 
0,19,19,19,19
1,20,39,20,39
2,13,52,13,52
3,5,57,5,57
4,2,59,2,59
5,6,65,6,65
6,5,70,5,70
7,2,72,2,72
8,3,75,3,75
9,1,76,1,76
10 or more ,23,99,23,99
Total ,99,,99,